1	2016-08-08	100	1
1	2016-08-09	90	1
1	2016-08-10	240	1
2	2016-08-11	200	1
2	2016-08-12	180	1
2	2016-08-13	150	1
2	2016-08-14	140	1
2	2016-08-15	120	1
3	2016-08-10	190	1
3	2016-08-11	100	1
3	2016-08-12	200	1
3	2016-08-13	130	1
3	2016-08-08	90	1
4	2016-09-08	140	1
4	2016-08-09	80	1
4	2016-08-10	80	1
5	2016-10-04	100	1
5	2016-08-05	200	1
5	2016-08-06	240	1
5	2016-08-07	300	1
6	2016-11-08	200	1
6	2016-08-09	300	1
6	2016-08-10	400	1
7	2016-08-08	100	1
7	2016-08-09	90	1
7	2016-08-10	95	1
8	2016-10-01	100	1
8	2016-10-02	120	1
8	2016-10-03	110	1
8	2016-10-04	110	1
8	2016-10-05	110	1
8	2016-10-06	100	1
9	2016-11-08	200	1
9	2016-11-09	220	1
9	2016-08-08	190	1
10	2016-12-08	140	1
10	2016-12-09	150	1